1 80 0.05 0 0  0.094 33.239 55.144
2 80 0.05 1 0  0.096 31.609 50.847
3 80 0.10 1 0  0.184 33.280 84.480
4 80 0.15 0 0  0.258 43.331 130.065
5 80 0.15 1 0  0.263 38.231 118.172
6 80 0.20 0 0  0.328 45.325 162.214
7 80 0.30 0 0  0.450 47.287 224.452
8 80 0.30 1 0  0.459 43.385 208.232
9 160 0.05 0 0  0.093 31.376 53.211
10 160 0.05 1 0  0.094 30.739 50.586
11 160 0.10 0 0  0.177 35.145 89.322
12 160 0.15 0 0  0.254 40.963 128.136
13 160 0.15 1 0  0.257 37.389 119.466
14 160 0.20 0 0  0.322 46.132 162.378
15 160 0.20 1 0  0.324 41.256 149.692
16 160 0.30 1 0  0.447 42.697 206.814
17 320 0.05 0 0  0.092 30.263 52.693
18 320 0.05 1 0  0.093 28.785 50.051
19 320 0.10 1 0  0.177 32.142 83.217
20 320 0.15 0 0  0.252 36.870 124.021
21 320 0.20 0 0  0.322 42.117 160.526
22 320 0.30 0 0  0.438 42.961 225.594
23 80 0.05 0 1 0.071 37.504 65.157
24 80 0.05 1 1 0.074 36.978 63.058
25 80 0.10 0 1 0.140 41.016 110.422
26 80 0.10 1 1 0.144 40.528 106.027
27 80 0.15 0 1 0.205 43.535 154.032
28 80 0.20 0 1 0.268 45.954 197.576
29 80 0.20 1 1 0.275 45.316 190.397
30 80 0.30 1 1 0.396 48.284 274.746
31 160 0.05 0 1 0.070 37.409 64.205
32 160 0.10 0 1 0.138 39.221 106.212
33 160 0.10 1 1 0.143 37.334 103.049
34 160 0.15 1 1 0.209 39.678 143.652
35 160 0.20 0 1 0.266 42.157 191.534
36 160 0.20 1 1 0.272 41.019 187.385
37 160 0.30 0 1 0.390 44.930 274.340
38 160 0.30 1 1 0.393 43.698 270.094
39 320 0.05 0 1 0.069 35.957 61.830
40 320 0.10 0 1 0.136 36.006 102.898
41 320 0.10 1 1 0.141 35.626 100.680
42 320 0.15 0 1 0.200 37.823 145.994
43 320 0.15 1 1 0.207 36.539 141.589
44 320 0.20 0 1 0.262 38.581 187.006
45 320 0.20 1 1 0.270 37.304 180.577
46 320 0.30 1 1 0.390 38.919 260.073
47 500 0.05 0 1 0.068 29.674 58.148
48 500 0.05 1 1 0.072 27.789 55.501
49 500 0.10 1 1 0.140 29.331 97.498
50 500 0.15 0 1 0.198 32.035 142.446
51 500 0.15 1 1 0.206 30.656 136.500
52 500 0.20 0 1 0.260 33.442 182.998
53 500 0.30 0 1 0.381 36.583 264.289
54 500 0.30 1 1 0.387 34.189 257.752
55 80 0.10 0 0  0.180 37.285 92.714
56 80 0.20 1 0 0.335 41.585 150.471
57 160 0.10 1 0 0.179 32.191 84.045
58 160 0.30 0 0 0.444 49.061 227.572
59 320 0.10 0 0 0.176 33.706 88.746
60 80 0.15 1 1 0.211 43.150 148.378
61 80 0.30 0 1 0.390 48.879 279.209
62 160 0.05 1 1 0.074 36.481 61.697
63 160 0.15 0 1 0.203 40.649 147.965
64 320 0.05 1 1 0.073 33.818 59.834
65 320 0.30 0 1 0.384 40.172 267.522
66 500 0.10 0 1 0.140 29.331 97.498
67 500 0.20 1 1 0.267 31.898 178.558

